48.3531267
49.1707535
49.9944042
46.7903223
50.2216741
45.5759149
50.2094897
50.3228775
47.2865507
50.1570614
49.7048715
48.4957849
50.0237594
46.8160335
47.1150353
47.3291401
49.1077185
49.5216538
49.5923804
49.5793060
45.7837291
45.5090003
48.4741186
44.4430093
48.9691843
48.3704037
48.8273774
47.5464325
48.5701848
47.8975291
48.3155274
48.2120607
48.1527893
48.4759512
48.1643568
47.6217404
48.3124869
47.4868846
47.9824014
47.4749224
47.6636949
47.4072607
47.6438255
48.0492484
46.8953030
45.9947838
46.9780284
46.6659798
47.6417416
47.7560937
