5.01
5.58
6.10
6.65
7.15
7.70
8.19
8.72
9.21
9.72
10.19
10.71
11.16
11.67
12.11
12.60
13.03
13.51
13.94
14.40
14.82
15.27
15.69
16.12
16.52
16.95
17.34
17.75
18.14
18.54
18.92
19.32
19.68
20.07
20.41
20.79
21.13
21.50
21.84
22.19
22.51
22.86
23.18
23.51
23.82
24.15
24.45
24.76
25.06
25.36
25.64
25.94
26.21
26.50
26.77
27.06
27.31
27.59
27.83
28.10
28.34
28.59
28.83
29.08
29.30
29.54
29.76
29.99
30.20
30.43
30.63
30.84
31.04
31.25
31.44
31.65
31.83
32.02
32.19
32.39
32.56
32.73
32.89
33.07
33.22
33.39
33.54
33.70
33.85
34.00
34.15
34.30
34.43
34.56
34.69
34.82
34.95
35.08
35.20
35.32
35.43
35.55
35.65
35.76
35.86
35.97
36.07
36.17
36.26
36.35
36.44
36.53
36.61
36.70
36.78
36.86
36.93
37.01
37.07
37.14
37.20
37.27
37.34
37.40
37.46
37.52
37.57
37.63
37.68
37.73
37.78
37.83
37.86
37.92
37.95
37.99
38.03
38.06
